ላይ ; [10813, 10813, 1045, 100]
አመመኝ ; [26, 26]
ከማን ; [442, 111]
ጋር ; [4356, 53]
ምሳ ; [18, 18, 14]
በላ ; [10430, 123, 123]
አንበሳው ; [53, 3, 3, 3, 3]
ተንጠራራ ; [1, 1, 1, 1]
እንደሰጣት ; [570, 570, 1, 1]
ዝጋ ; [62, 62, 1, 1]
ካሳ ; [123, 11, 11, 7]
ባስፈራራውም ; [108, 108, 108, 108]
መጣሱን ; [11]
ይደረግ ; [1]
መቼስ ; [389, 31]
ውስጥ ; [4750, 4750]
አስተማሪ ; [36, 13]
ነበር ; [4133, 3769]
ወጣት ; [979, 805]
ብዙ ; [779, 779, 228]
ሥራው ; [2107, 899]
ተሠራ ; [899, 899, 899, 899, 3, 3, 1]
ድርስ ; [15, 1]
ግድ ; [71, 71]
የለኝም ; [1849, 1849]
በመሮጤ ; [26]
እግሬን ; [277, 10]
አላማ ; [69, 63, 63, 63, 63, 52, 52, 52, 52, 52, 52, 26, 7, 7]
ጥሩ ; [160, 100, 4]
ራባቸውን ; [119, 12]
ይምጣ ; [1280, 1280, 1]
አይምጣ ; [1280, 1280, 1]
አላውቅም ; [1643, 1643]
ጊዜ ; [5001]
እንደነበር ; [227, 2]
አባትና ; [448, 448, 20, 20, 20, 20, 20, 20, 20, 2, 2]
ካሳና ; [123, 7]
ሀይሉ ; [1259, 1]
ተወራወሩ ; [46, 46]
ቀረን ; [594, 594, 594, 1]
ዛፉን ; [189, 1]
እዚህ ; [14266, 1]
አገር ; [1319, 1, 1]
የትም ; [394, 53]
አይደሰቱ ; [1]
ነዎት ; [1, 1]
ልብስ ; [327, 166, 96, 20]
ብዬ ; [10430, 4]
ገበያ ; [585, 5]
አልሄድም ; [1644, 1644]
ባልሠራ ; [899, 899, 899, 899]
ተማሪዎቹ ; [549]
ሥራ ; [2107, 899, 899]
ከበቀለ ; [35, 35, 1]
የአልማዝ ; [47]
አልመጣንም ; [1280, 1280]
ባልዘነበ ; [32, 32]
ተከሳሹ ; [55]
አይደለሁም ; [1, 1]
አለ ; [10430, 10430, 1849, 1849]
ከበደ ; [132, 1]
ሁለቱን ; [1001, 1001]
ገባ ; [959, 959, 1]
እግዚአብሔርን ; [190]
እውነት ; [96, 2]
የሚጫወተው ; [1, 1]
ከሀብታም ; [47, 47]
ገንዘብ ; [1184]
አገኛለሁ ; [6, 1]
ተስፋ ; [570]
ልብሱን ; [96]
ፈራሽ ; [108, 108, 1]
ዳቦ ; [87]
ይበላል ; [123, 123]
ወሬው ; [30, 23]
ተፈላጊው ; [20]
አሳየው ; [1045, 1045, 1045, 123]
ውድ ; [158]
ይላሉ ; [10430, 9]
በመጣ ; [1280, 1280]
የምሰደበው ; [20, 20]
አልማዝ ; [47]
አልበላም ; [123, 123, 123, 123, 123, 123]
ያልቻልኩት ; [5530, 5530]
እንደወሰደው ; [1019, 1019, 1019]
አመጡዋት ; [1280, 1, 1]
በላላና ; [123, 123, 123, 123, 123, 9, 9]
አንበሳ ; [53, 6, 6, 3, 3, 3, 3, 3, 3, 3, 3]
የገደለው ; [145, 145]
ይኖረኝ ; [380, 380]
አይኖረኝ ; [380, 380]
አስተማሪው ; [36, 13]
እንደምመጣ ; [1280, 1280]
ለአልማዝ ; [47]
መንግስት ; [3748]
ፍላጎት ; [1, 1]
ካላሟላ ; [1, 1]
ወዳቂ ; [1]
እጠብ ; [34, 22, 19]
አልታዘዘኝ ; [106, 106]
በጣም ; [929, 35, 2, 1]
አሳዘነን ; [113, 113]
ሲኒማ ; [5, 3]
ወጥ ; [60]
የተጣሉበትን ; [359, 16]
ሳታውቅ ; [1643]
አትግባ ; [959, 959]
ወረደ ; [263, 1]
ገቢው ; [257]
ከመደበኛ ; [164, 164]
ዕጥፍ ; [32, 7]
ብትሆን ; [20636]
መጻፍ ; [1, 1]
አትርሳ ; [51, 51, 19]
በመጥረጊያው ; [5, 5]
ያዝ ; [1477, 106]
ማንም ; [442, 1]
ለማንም ; [442, 111, 52, 52, 1, 1]
ምንም ; [2774, 1]
አይሰጥም ; [570, 570, 570, 570, 7]
መሞት ; [76]
የአልማዝን ; [47]
ልብ ; [327, 20]
የሸጠው ; [29, 29]
የብራና ; [9, 2]
ትልቅ ; [137, 50]
ስጋ ; [97, 9, 9, 3, 3]
ገዝታ ; [79, 79, 1, 1, 1]
ቀቅላ ; [4, 4, 4]
በላች ; [123, 2]
አድሮ ; [204, 32]
ገነት ; [89, 89]
ያገባት ; [959, 959]
የበለጠች ; [568, 1]
ወፍራም ; [3, 2]
እንደሆነች ; [20636, 20636]
ታውቃለች ; [1643, 1643]
ራሱን ; [497, 19, 19, 19]
ከተመታ ; [37, 37]
አቃተው ; [18, 7, 7, 1, 1]
የካሳን ; [7]
በልተን ; [123, 1, 1]
የለባቸውም ; [1849, 1849]
የፈለገውን ; [1437, 1437]
እገዛለታለሁ ; [79, 79]
ለምን ; [2774, 70, 16]
እንደሆነ ; [20636, 20636]
ባየሁት ; [1045, 1045, 1045]
ቁጥር ; [872, 1]
ግባ ; [959, 959]
በለው ; [10430, 1]
ይጠብ ; [34, 19]
ስምንት ; [137, 137, 137]
አሉኝ ; [10430, 10430, 1849, 1849]
ነገሩ ; [4002, 609]
የሆነው ; [20636, 20636]
በፊት ; [1151, 1084]
የበለጠ ; [568, 1]
ብትጥር ; [98]
የተሻለ ; [1, 1]
ልታነብ ; [1]
እንድትመጣ ; [1280, 1280]
ንብረት ; [309]
ፀሐይን ; [171, 171]
ትዞራለች ; [123, 123]
መኪና ; [137, 1]
ካልታደሰ ; [17, 17]
አትግደለኝ ; [145]
ማረው ; [13, 13]
አንተን ; [621, 5]
በላይ ; [10813, 1752, 1752]
አልረዳህም ; [88, 88, 88, 88, 88, 88, 88, 88]
አለችኝ ; [10430, 10430, 1849, 1849]
አዲስ ; [38, 38, 8]
አይቀርም ; [594, 594, 594, 594, 1, 1]
መርዝ ; [12, 12]
ባትሄድ ; [1644]
አነሳ ; [312, 40, 40, 40, 40]
ቀይ ; [110]
አልወደደችውም ; [541, 541]
ሞትን ; [492, 226]
ይኖራሉ ; [380, 380]
እንዳልበላ ; [123, 123, 123, 123]
ላባቱ ; [448, 2]
አላገባሽም ; [959, 959, 959, 959, 959, 959]
ተጣብቆ ; [357]
ሄደው ; [1644, 1644]
ተመለሱ ; [383, 383]
ያለኝ ; [10430, 1849]
ባገኘኋት ; [1, 1]
ትሰጠኛለች ; [570, 570]
ከመጣ ; [1280, 1280]
አይቀር ; [594, 594, 1]
ጠላ ; [16, 16, 2]
እንዲህ ; [14266, 1497]
አጠገብ ; [66, 66]
የገዛሁት ; [79, 79]
ስጋው ; [97, 9, 3]
ሁለት ; [1001, 1001, 1001, 1001]
ሦስት ; [186, 186]
ከመቀመጫው ; [95]
ተነሳ ; [40, 40, 40, 40]
ይልቅ ; [503, 50]
ሥራዋ ; [2107, 899]
አሳያቸው ; [1045, 1045, 1045, 1045, 150, 3]
ብላ ; [10430, 10430, 123, 123]
የምጠላው ; [16, 16, 16, 16]
መጠጣቷን ; [7]
ምክር ; [196]
ሩጫ ; [197, 56, 56]
አልማዝን ; [47]
ሲሰማ ; [420, 420]
ደስታ ; [362]
በፍፁም ; [144, 35]
በመኪና ; [137, 1]
አይሄድም ; [1644, 1644]
እሳቱን ; [78, 50, 1]
ወጡ ; [805, 60]
ልብሴን ; [96]
ሽጬ ; [29, 2]
እዳዬን ; [90, 90, 1]
በልቶ ; [123, 1]
ድል ; [250, 250]
የተመታው ; [37, 37]
ይወጣሃል ; [805, 805]
ምንድን ; [240, 240]
ተማሪው ; [549, 80, 13, 13]
አለመኖር ; [890]
በጅምላ ; [27, 18]
ጦማቸውን ; [31, 1]
ዋሉ ; [474, 474, 1]
ከመኖሩ ; [890]
የተነሣ ; [307, 40]
አልቻሉም ; [5530, 5530]
አያታችን ; [48, 19]
እየገፉ ; [47, 1]
ለዛቸው ; [15, 9]
አልጠፋም ; [351, 351, 351, 351]
አስፈላላት ; [17, 17, 17]
ብድር ; [131, 16]
የሚፈልጉት ; [1437, 1437]
ተገዳደሉ ; [145, 145]
እንድታፈላ ; [17]
የምትሄድ ; [1644]
ከሆነ ; [20636, 20636]
ያለኝን ; [10430, 1849]
ካባቱ ; [448, 2, 2]
ማስረጃ ; [239]
ወንድም ; [558, 558, 360, 360]
ይባላል ; [10430, 123]
ከዚህም ; [14266, 1]
ዝናብ ; [196]
አሳ ; [123]
በባህር ; [201]
ይኖራል ; [380, 380]
የሄድነው ; [1644, 1644]
በቃኝ ; [86, 1]
አለና ; [10430, 10430, 10430, 1849, 1849, 1849, 1849]
በሩን ; [227, 9, 9]
መቀርቀር ; [1]
ረሳ ; [51, 51]
በሰላም ; [222, 222, 22, 22, 1]
መመለስ ; [271]
መልካም ; [11, 11, 2, 1]
ሳትቆልፍ ; [9]
ያለገብስ ; [5, 5]
አይጠጣም ; [72, 72, 72, 72]
የሚሰሩ ; [899, 899, 3]
ገበሬ ; [83, 1]
ብትመለስ ; [383]
ትጠፋለህ ; [351, 1]
ቀዳዳውን ; [11, 6]
መወተፊያ ; [1]
በዝናቡ ; [196, 1]
አንበሳውን ; [53, 3, 3, 3, 3]
እርሳሱን ; [1, 1, 1]
አላደርገውም ; [1, 1]
መበጠሷ ; [2]
ላየው ; [1045, 1045, 1045]
ዓለሚቱ ; [1035, 11]
ተወዳጅ ; [1, 1, 1]
አላት ; [10430, 10430, 1849, 1849]
እዚያ ; [2585, 1]
አልቀሩም ; [594, 594]
አትሂድ ; [1644]
ስንለው ; [10430, 10430]
ታሰረና ; [16, 16, 16, 3]
አረፈው ; [168, 168, 168]
ያለፈው ; [1633, 1633]
በአልማዝ ; [47]
መኖሪያ ; [226, 226]
ወደምትባል ; [10430]
የእስራኤል ; [332]
ከተማ ; [2193, 16]
መጣ ; [1280, 1280, 3, 3, 1]
የለም ; [1849, 1849, 16]
አልቻለም ; [5530, 5530]
የምሰራው ; [899, 899, 899, 899]
ብትቆይ ; [1, 1]
ብትሄድ ; [1644]
አስባ ; [812, 812, 812, 812]
እውነቱን ; [96, 2, 1]
አፈላ ; [17, 17, 17, 17]
ተመልሶ ; [383, 1]
አዳነው ; [122, 122]
የምትሰጋ ; [9, 9]
ወደዚያ ; [2585, 1]
አትላክ ; [343, 343]
ለተማሪዎቹ ; [549]
ሰጣቸው ; [570, 2, 1]
ቀጭኑ ; [1, 1, 1]
በጎች ; [105, 52]
ገዛ ; [79, 79]
አሉ ; [10430, 10430, 1849, 1849, 1]
አለዋወጣቸው ; [84, 1]
ሲል ; [10430, 1]
ሰጠ ; [570, 1]
ልጠግነው ; [14, 14]
የላትም ; [1849, 1849, 5]
ፈለግህን ; [1437, 24]
አልቀረም ; [594, 594]
ተደባደቡ ; [24, 24]
ሊመጣ ; [1280, 1280]
የገዛ ; [79, 7]
ችሎታ ; [5530, 165]
በኖረኝ ; [380, 380]
ሳጥን ; [12, 2]
ጫማ ; [23, 4, 4, 4, 4]
መጠርጠር ; [10]
ዘበት ; [17]
ሰማ ; [420, 420, 1]
አልመጣም ; [1280, 1280, 1280, 1280, 1280, 1280]
ስላለ ; [10430, 1849]
አልጠበቅሁትም ; [357, 357]
በለጠች ; [568, 1]
በዚያ ; [2585, 1]
አልሰርዝም ; [15, 15]
ትናንትና ; [267, 267]
ጠፋበት ; [351, 1]
ዛፉ ; [189, 1]
ሥር ; [213, 213]
ሄደና ; [1644, 1644, 1644]
ልብሱ ; [96]
ተገዛላት ; [79, 79]
አምጣ ; [1280, 1280, 1, 1, 1, 1, 1, 1]
እንዳለኝ ; [10430, 10430, 1849, 1849]
አልሰማሁም ; [420, 420]
ልሠራው ; [899, 899, 899]
ከቻልኩ ; [5530, 5530]
ጠጅ ; [31]
ይፈራሉ ; [108, 108]
እያለ ; [10430, 1849]
ምሳዬን ; [14, 14]
አልበላሁም ; [123, 123]
ብለው ; [10430, 10430]
ፀሐይ ; [171, 171]
ሳይኖር ; [380, 380]
በርበሬ ; [23]
ቅቤም ; [4, 4]
አርፍዳ ; [10, 10, 10]
እንደምትመጣ ; [1280, 1280]
ልክ ; [368, 368]
ስንደርስ ; [1724, 1724]
ወደከተማ ; [2193]
ገዝቶ ; [79, 1]
አዳመጠች ; [2]
ተከተሉ ; [1, 1]
ተሽቀዳደሙ ; [1, 1]
ተለዋወጡ ; [84, 84]
የወረደው ; [263, 263]
እንዳይነካው ; [45, 45]
ጉዳይ ; [2524]
እጅግ ; [516, 516, 1]
አሳሳቢ ; [108, 1, 1]
ሰልፉ ; [30, 1]
የምትደንሺው ; [8, 8]
እነሱም ; [312, 217, 40]
ታደሰ ; [17, 1]
ኃይሉና ; [1259, 1]
ተፈራ ; [108, 108, 108, 108, 1]
አልጋም ; [57, 2, 1]
መቀመጫም ; [95]
አለበት ; [10430, 10430, 1849, 1849]
ላክልኝ ; [343, 343, 50, 18, 1]
ከዚህ ; [14266, 1]
ቢያዳምጣትስ ; [2]
ኖሮ ; [380, 189]
ከመኪና ; [137, 1]
ተዋጣ ; [805, 805, 805, 805, 56, 56]
ብትዘጋው ; [62, 62]
ወይዘሮ ; [335, 335]
አንድ ; [2798, 2798, 105]
ዛሬ ; [655, 655, 4]
አልተሰናዳህምሳ ; [1, 1]
አዳዲስ ; [38, 1, 1]
ጮማ ; [8]
ሰጣት ; [570, 1]
ዘነበ ; [32, 1]
ስትገባ ; [959, 959]
እርስ ; [140, 19]
ዐሥር ; [116, 116, 116, 16]
ብር ; [1320, 1320]
የበላው ; [123, 123]
በዛሬ ; [655, 4]
ፈረሱን ; [96, 78, 78]
ካሉበት ; [10430, 10430, 1849, 1849]
በኋላ ; [1873, 132]
አግዝሻለሁ ; [17, 1]
በላት ; [10430, 123, 5]
ለአለም ; [1035, 1]
መሞቱን ; [76]
ተረዱ ; [88, 88]
ብላበት ; [10430, 123]
ሁሉም ; [2503, 2]
ያለበት ; [10430, 1849, 3]
በለቀቀኝ ; [200, 200]
ባወቅሁ ; [1643, 1643]
አንደኛ ; [380, 105]
አንሰራም ; [899, 899, 899, 899, 899, 899, 899, 899]
ነህ ; [1, 1]
አባትሽ ; [448, 2]
አይሻልሽምን ; [7, 7, 7, 7, 1, 1]
ቢላዋ ; [4, 1]
የሰጣት ; [570, 1]
ጠፋ ; [351, 351, 1, 1]
በሽታ ; [93, 2]
እንዳለብኝ ; [10430, 10430, 1849, 1849]
አበራው ; [9, 9]
የሚመጣ ; [1280, 1280]
ጠባብ ; [42]
ለገራቸው ; [7, 6]
ተጋደሉ ; [145, 145]
ብንሸራሸርስ ; [10, 10, 1]
ተማሪውን ; [549]
እራሱን ; [497, 35, 19]
በጊዜ ; [5001, 51]
ካልተጠነቀቁ ; [41, 41]
ሳይሠራ ; [899, 899]
ልሸነፍ ; [1, 1]
ስል ; [10430, 1]
እናት ; [653, 653]
ነች ; [1, 1]
በተናዘዘ ; [1, 1]
አዘነች ; [113, 113]
ለሰለሰ ; [7, 1]
እስካላባረረው ; [28, 28]
ድረስ ; [1724, 1047, 1047]
ብርጭቆ ; [36]
የሰበረው ; [53, 53]
እንዲኖረው ; [380, 380]
እመጣለሁ ; [1280, 1280, 3]
በሞትኩ ; [226, 226]
ቢያዳምጣት ; [2]
ፈላ ; [17, 17]
ቃሉን ; [1155, 1]
ጊዜም ; [5001]
ፋታ ; [27]
አትምጣ ; [1280, 1280, 1]
ካልጻፍክልኝ ; [1, 1]
ማክሰኞ ; [57]
ብዙም ; [779, 779, 228]
አያነብም ; [1, 1]
አልወደውም ; [541, 541]
አልተሻለውም ; [1, 1]
ልንጠይቅ ; [1145, 1145]
ሄደን ; [1644, 1644, 1644]
እንግዶች ; [846, 138]
ስለማይመጡ ; [1280, 1280, 3]
ጠላውን ; [16, 2]
ለንጉሱ ; [40, 1]
ከያለበት ; [10430, 1849]
ውሻ ; [93, 5]
ተናካሽ ; [2]
ይሞቃል ; [20, 20]
አለመያዙ ; [374]
አሉት ; [10430, 10430, 10430, 1849, 1849, 1849]
ስለበዛ ; [228, 1]
ብትሰጠኝ ; [570, 570]
ላኩ ; [343, 343, 343, 50, 1]
እንዴት ; [1162, 69]
ቆየህ ; [1, 1]
ካልቆመ ; [313, 313]
ነን ; [1, 1]
አለው ; [10430, 10430, 10430, 1849, 1849, 1849]
በመለማመድ ; [12]
ዓለሙ ; [1035, 52, 21, 21, 1]
ይረሳል ; [51, 51]
ተስፋዬም ; [570, 570, 1]
በለጠ ; [568, 1]
ወዳለችው ; [10430, 10430, 1849, 1849]
በተሰቀለበት ; [26, 26]
ጨልማ ; [21, 21, 21]
እርሱንማ ; [1169, 140, 51]
አውቀው ; [1643, 1643]
በእውነት ; [96]
ብርም ; [1320]
ወርቅ ; [364]
ሊገዛው ; [79, 79]
አይችልም ; [5530, 5530]
ሰብሮ ; [53, 1]
በረኛው ; [68, 1]
አላስገባም ; [959, 959, 959, 959]
ታች ; [43, 43, 2]
ለግጦሽ ; [26, 1]
ማዶ ; [37, 37]
ካለው ; [10430, 10430, 10430, 1849, 1849, 1849]
አዋላቸው ; [474, 474]
አያውቀውም ; [1643, 1643]
ቀኑ ; [1462, 353]
አግቢው ; [959, 3]
ካሳን ; [123, 7]
ይመጣል ; [1280, 1280, 3]
የራባት ; [12, 1]
ሹሙን ; [32, 11]
በቅሎ ; [35, 16]
ከገዛላት ; [79, 79]
ያዙት ; [1477, 1477, 106]
መጻፍም ; [1, 1]
ቀልድ ; [30, 23]
መታሰቢያ ; [86, 86, 1]
አማርኛ ; [117, 1, 1]
በተሻለ ; [1, 1, 1]
በሕይወት ; [1594]
አልረሳም ; [51, 51, 51, 51, 51, 51]
በሬ ; [227, 28, 12, 12]
አረደችው ; [2, 2, 2]
እነሱ ; [312, 217, 40]
የሚበሉ ; [123, 123]
ሰጥታኝ ; [570, 1]
የነበረው ; [3769, 3769]
ቢል ; [10430, 1]
አታደርገውም ; [1, 1]
ገፋፉት ; [47, 47]
ቁርስ ; [11, 8]
ቀማምሳ ; [39, 39, 39]
አጠባ ; [34, 19, 9, 9, 9, 9, 1]
ደሞዝ ; [62]
በሽርሽር ; [7]
ሆነን ; [20636, 20636, 20636]
ይሻለው ; [1]
ብትራመድ ; [1]
ባሥር ; [116, 116, 16]
መቼ ; [389, 31]
ትመጣለህ ; [1280, 1280, 3]
አስረው ; [16, 16]
አሸዋ ; [27, 4, 4]
ጐማዬን ; [18, 18]
ጠላው ; [16, 2]
አስተኛኝ ; [125, 125, 125]
ገረመው ; [139, 1]
እንኳ ; [465, 12]
በቀለ ; [35, 1]
ካላችሁ ; [10430, 10430, 10430, 10430, 1849, 1849, 1849, 1849]
ብንነጋገርበት ; [609, 609]
ጥራኝ ; [100, 98]
አልሰማ ; [420, 420, 420, 420, 420, 420]
አገባላት ; [959, 959]
ትመታታለህ ; [37, 37, 37]
ባይበላስ ; [123, 123]
ተዘጉበት ; [62, 62]
አቶ ; [351, 135]
አልተከለም ; [59, 59]
አጠርንበት ; [11, 11]
አይጠቅመንም ; [220, 220]
ሳይኖረኝ ; [380, 380]
ከጨረስክ ; [185, 185]
ለያያቸው ; [1045, 153, 153, 153, 37]
አገሩ ; [1319, 7]
መቀለድና ; [2]
ብቆም ; [313, 313]
ተኛ ; [125, 125, 125, 125, 125]
ዳር ; [26, 26, 16]
አጋዘን ; [2, 1, 1, 1]
ክፉ ; [84, 5]
ሂዳ ; [1644, 1644, 1644]
ሥላሴ ; [89]
መጣበት ; [1280, 3]
ይመለስ ; [383]
ፈረሱ ; [96, 78]
በምንም ; [2774, 1]
ብትሠራው ; [899, 899]
አይደሰትም ; [1, 1]
ሻይ ; [43]
አመጣላቸውና ; [1280, 1280]
ጠጡ ; [72, 72]
ራበኝ ; [12, 12]
ባለበት ; [10430, 10430, 1849, 1849]
እግዚአብሔር ; [190]
በአምሳሉ ; [9, 1]
ሠራርታ ; [899, 899]
በቀለን ; [35, 35, 1]
መወሰናቸው ; [135]
የሰማሁት ; [420, 420]
ስንቅ ; [47, 5]
ቀኑን ; [1462, 353, 353]
ሙሉ ; [1221, 1221, 1]
በኩል ; [862, 68]
ባጠገቡ ; [66, 40, 40]
መቅረጫ ; [1, 1]
መለሰ ; [383, 1]
አልቀበል ; [1]
አለፈ ; [1633, 1633]
ነጭ ; [77, 1]
ልመልስላቸው ; [383, 383]
አላሳልፍም ; [1633, 1633]
አለን ; [10430, 10430, 10430, 1849, 1849, 1849, 1849, 1849]
አልገዛም ; [79, 79, 79, 79, 79, 79]
ሳትታጠብ ; [19]
አትብላ ; [123, 123]
አየች ; [1045, 1045]
የካሳ ; [16, 7]
አልጋው ; [57, 1]
በልተህ ; [123, 1]
የማታጥበው ; [19, 19]
ለምንድን ; [240, 240, 122, 122]
የሚኖሩ ; [380, 380]
ባይኖረኝም ; [380, 380]
በድንግልና ; [10, 4]
እንኖራለን ; [380, 380]
መማል ; [5]
አለባቸው ; [10430, 10430, 1849, 1849, 2, 2, 1]
እኖራለሁ ; [380, 380]
ይገዛል ; [79, 79]
አጣጥፎ ; [7, 7]
ሰባሰበና ; [2, 2]
ለበላይ ; [1752]
የግድ ; [71, 6]
አንቀጥል ; [1026, 1026]
አልገዙም ; [79, 79]
ብትውል ; [474]
እርኩስ ; [26, 5, 5]
መንፈስ ; [404]
የያዘው ; [1477, 1477, 1]
አስቸገረን ; [63, 63]
የራሷን ; [497, 35]
መታች ; [37, 37, 1]
ተረዳ ; [88, 88, 88, 88]
አስፈላ ; [17, 17, 17, 17, 17, 17]
በሄደበት ; [1644, 1644]
መቼም ; [389, 31]
እራቱን ; [30, 10]
ሳይበላ ; [123, 123]
አይተኛ ; [125, 125]
ቀለቡን ; [21, 5, 5]
ነቅታ ; [46, 46]
አልቻለችም ; [5530, 5530]
ብታቀብለኝ ; [1]
አንስታ ; [50, 50, 40, 40]
ጠበቃ ; [357, 61]
አስፈላጊ ; [436]
ብትመርጥ ; [314]
እገዛዋለሁ ; [79, 79]
ባዶ ; [26, 3]
ተሻለ ; [1, 1]
የራሴ ; [497, 35]
ይኖረኛል ; [380, 380]
በብዙ ; [779, 779]
ካለብኝ ; [10430, 10430, 1849, 1849]
የምበላው ; [123, 123, 123, 123]
መጨረስዋ ; [32]
በሙሉ ; [1221, 1221]
ስላላክ ; [343, 343, 50, 1]
ካልሄደ ; [1644, 1644]
አስተኙት ; [125, 125]
አሳየኝ ; [1045, 1045, 1045]
ገበታ ; [23]
እንዳደረግህ ; [1, 1]
አልሄደም ; [1644, 1644]
መታመም ; [11, 1]
ወራት ; [641, 23, 7, 1]
ያሸንፍ ; [1]
የሰረቀውን ; [32, 32]
ይበላልም ; [123, 123]
ይጠጣልም ; [72, 72]
ተሰባሪ ; [3]
መዝሙር ; [152]
አባትህ ; [448, 2]
ካሉ ; [10430, 10430, 1849, 1849, 1]
ከስቶ ; [5, 2]
ምክርን ; [196]
መታው ; [37, 37]
ሊወጋ ; [19, 19]
አልደፈረም ; [51, 51]
ለመፃፍ ; [1, 1]
ተበሳጩ ; [1, 1]
ካልመጣህ ; [1280, 1280]
አይመጣም ; [1280, 1280, 1280, 1280]
እንዳገኝ ; [6, 1]
እንደምንም ; [2774, 1]
ከዚያ ; [2585, 1]
አውጪ ; [805, 12]
አባቷ ; [448, 2, 2, 2]
ደራሽ ; [5, 5, 1]
ሰፈሩ ; [119, 100]
ፈተና ; [324, 57, 31]
ማጥናት ; [10, 1]
የሚመጣውን ; [1280, 1280]
አስቀረው ; [594, 594, 594]
በደንብ ; [222, 113]
ከሄደ ; [1644, 1644]
ከባህር ; [201]
ወጣ ; [805, 805, 1]
የምወደው ; [541, 541]
አለኝ ; [10430, 10430, 1849, 1849]
ለዚህ ; [14266, 1]
አርዶ ; [4, 2]
መምህሩ ; [339]
ተማሪዎቹን ; [549]
ተሰለፉ ; [1, 1]
አላቸው ; [10430, 10430, 1849, 1849]
እንደሚመጣ ; [1280, 1280]
ዕቅዳችንን ; [158, 1]
መለወጥ ; [149]
ይኖርብናል ; [380, 380]
አልታወቀም ; [1643, 1643]
በዚህ ; [14266, 1]
ተናጋሪው ; [40]
ሺህ ; [609, 363, 363, 363]
አላግዘኝ ; [17, 1]
አለች ; [10430, 10430, 1849, 1849]
እንደማን ; [442, 111, 6, 6]
የምትደንሰው ; [8, 8]
እንደምትለኝ ; [10430]
አንቀው ; [14, 14]
ገዛህ ; [79, 79]
አየ ; [1045, 1045]
አንዱንም ; [2798, 12]
ያለ ; [10430, 1849, 861]
ተቀየመኝ ; [1, 1]
አልቻልኩም ; [5530, 5530]
ፈጣን ; [214, 16]
አራት ; [403, 403, 403, 30, 30, 30, 11, 11, 11]
እንደሄደች ; [1644, 1644]
ካነሱት ; [312, 312, 312, 40, 40, 40]
ታጋዮች ; [44]
ደረሰ ; [1724, 1]
ብትመጣ ; [1280, 1280]
አይኖሯትም ; [380, 380, 380, 380]
ተማሪዋን ; [549]
አየቻት ; [1045, 1045]
በሰጠሁት ; [570, 570, 570]
የምበላ ; [123, 123]
በልታ ; [123, 123, 1, 1, 1]
ከፍቼ ; [116, 9, 5]
ስገባ ; [959, 959]
ስልክ ; [343, 137]
ያርሳሉ ; [19, 1]
በበሬ ; [227, 12, 12]
መዘመሯ ; [4]
በሽተኛውን ; [24]
የገዛው ; [79, 79, 7]
የሱፍ ; [17, 1]
አምስቱም ; [460, 460]
ተበላ ; [123, 123, 123, 123]
በሩ ; [227, 9]
ልግባ ; [959, 959]
አልግባ ; [959, 959]
አልጠይቅህም ; [1145, 1145]
እንደሚጠጣና ; [72, 72]
እንደማይጠጣ ; [72, 72]
ኮቴን ; [15, 2]
አምጣልኝ ; [1280, 1, 1]
ልመጣና ; [1280, 1280, 1280]
መኖር ; [890]
ባህር ዳር ; [26]
ዘገየ ; [14, 1]
አረግሽው ; [32, 32, 32]
ማዕረጉን ; [65, 1]
ሳይመጡ ; [1280, 1280, 3]
ቢቀሩስ ; [594, 594, 1]
ካልበላች ; [123, 123]
ሟች ; [53]
ለፋሲካ ; [62]
እርሱም ; [1169, 140, 51]
ደግሞ ; [3119, 212]
ለምሳ ; [16, 14]
አትግዛ ; [79, 79, 1]
በሆንሁ ; [20636, 20636]
እንደምትቆይ ; [1, 1]
ካለህ ; [10430, 10430, 1849, 1849, 1849, 1849]
እራት ; [30, 30, 10]
መስመሩን ; [287]
አሰመረች ; [9]
ቢፈጅም ; [57, 57]
ሀገሬስ ; [1216, 1]
አልመለስም ; [383, 383]
አልገዛችም ; [79, 79]
ያገኘው ; [1, 1, 1]
የተመኘውን ; [1, 1]
የላቸውም ; [1849, 1849]
ቢበሉ ; [123, 123]
አስጠፉት ; [351, 351]
እያወቃት ; [1643, 3]
ጠላት ; [95, 16]
አይቻልም ; [5530, 5530, 5530]
ካገር ; [1319, 1]
እስኪወጣ ; [805, 805]
አልተሳካም ; [9, 9]
ገንዘብም ; [1184]
ምክርም ; [196]
ሰጠኝ ; [570, 1]
ሳይመጣ ; [1280, 1280]
የምትመጣ ; [1280, 1280]
ዘለለ ; [42, 1]
ትመጣለች ; [1280, 1280, 3]
ገነጣጥላ ; [4, 4, 4]
አልነበሩኝም ; [3769, 3769]
ስሠራ ; [899, 899]
አላወቀችም ; [1643, 1643]
ካዋቂ ; [34, 34]
ተሰጠው ; [570, 570]
አይነግረኝም ; [609, 609]
አየሃት ; [1045, 1045]
አሮጌ ; [42, 42]
ብላት ; [10430, 10430, 123]
እሰጣቸዋለሁ ; [570, 570, 1, 1]
ደረቁን ; [63, 41, 41]
እፎይ ; [1, 1]
ይኸው ; [14266, 132]
በመጨረሻ ; [663]
ደረስን ; [1724, 5]
ማሳውን ; [5, 1]
አጥሮታል ; [98, 11]
በሽታዋን ; [93, 2, 1]
ሂያጅ ; [1, 1]
ላንድ ; [2798, 105]
ዛሬሳ ; [655, 4]
አትቀምስም ; [39, 39]
ክፉኛ ; [44, 5]
ለከበደ ; [132, 1]
ዋና ; [1038]
ይሻልሃል ; [7, 7, 1]
ፈላጊ ; [56]
እንዲሰሩ ; [899, 899, 3]
እነሳለሁ ; [40, 40]
አድርገው ; [1, 1]
አልጋ ; [57, 1, 1, 1]
አልከፈትልኝ ; [116]
ከሳሾቻችን ; [12, 1]
አልቀረቡም ; [1180, 1180]
ውሻዬ ; [93, 93]
የበሉት ; [123, 123]
አያረካም ; [26, 26]
ከካሳ ; [7, 1, 1]
አጭር ; [197, 10]
ይጠላል ; [16, 16]
የመናቅ ; [7]
አልወድለትም ; [541, 541]
በምታገኝበት ; [12, 1, 1]
ትከፍልሃለች ; [304, 1]
ቢመጣ ; [1280, 1280]
አልፈራም ; [108, 108, 108, 108, 108, 108]
ትጋግር ; [6]
አትፍቀድለት ; [245]
ቀለብ ; [21]
ስትገዛዛ ; [79]
እጇን ; [829, 1]
ደጋፊዬ ; [196, 196]
በጫካ ; [58]
የምትጓዝ ; [1]
መያዝ ; [374]
አለብህ ; [10430, 10430, 1849, 1849, 2, 2]
ከፍቶ ; [116, 5]
የሰበረችው ; [53, 53]
አልወሰድክም ; [1019, 1019]
ንጉስን ; [40, 40]
የምትሠራው ; [899, 899, 899, 899]
አልሰማም ; [420, 420, 420, 420, 420, 420]
መዳኑን ; [11]
አመማት ; [26, 26]
ታሰሩ ; [899, 16, 16, 3]
ተቀመጡ ; [1, 1]
ነጣ ; [5, 5]
አስያዘኝ ; [1477, 1477]
ሽርሽር ; [7, 7]
አምና ; [545, 545, 545, 26, 23]
እንሠራለን ; [899, 899, 3]
አበሳጨኝ ; [1, 1, 1]
ነጻነት ; [418, 418]
ታውቃላችሁ ; [1643, 1643, 3]
እጠበው ; [34, 19]
ብሠራው ; [899, 899]
አመመው ; [26, 26, 26]
አየኋት ; [1045, 1045]
ልትወቅሰኝ ; [26]
አትችልም ; [5530, 5530]
ልንሠራው ; [899, 899, 899, 899]
አንችልም ; [5530, 5530, 5530, 5530]
የሄደችው ; [1644, 1644]
ይማር ; [13, 13, 13]
ጣሪያ ; [98, 26]
ጠጣበት ; [72, 72]
አመነ ; [545, 545, 1]
ያደረሰው ; [1724, 1724]
ውሎ ; [474, 13]
አስተማሪን ; [36, 13]
እንኳን ; [458, 12]
ተቆጣ ; [1, 1, 1, 1]
ተነስታ ; [40, 40]
አባቱን ; [448, 2, 2, 2]
ሰበሰቡ ; [143, 1]
ኑሮ ; [380, 363]
እንግዶቹ ; [846, 138]
ከተያዘ ; [1477, 1477]
አይሠሩማ ; [899, 899, 16, 3]
የሚሰራ ; [899, 899]
ባይሰራ ; [899, 899]
ትጠብ ; [34, 19]
አለችው ; [10430, 10430, 10430, 1849, 1849, 1849]
አንዱን ; [2798, 12]
የሞተው ; [226, 226]
የገደልኩት ; [145, 145]
ዋጋውን ; [620, 1]
ካልቀነስክ ; [213, 213]
አልገዛህም ; [79, 79, 79, 79, 79, 79, 79, 79]
እንቅልፍ ; [110, 110]
አስገባ ; [959, 959, 959, 959, 959, 959]
ኮሶ ; [6]
አያስወጣም ; [805, 805]
ሥራዬን ; [2107, 2107, 1]
አታሰራኝም ; [899, 899, 899]
የደከሙት ; [127, 127]
አያስነብቡትም ; [1, 1]
ቀረው ; [594, 1]
መልስ ; [383, 66]
እስኪመጣ ; [1280, 1280]
ጠበቅሁት ; [357]
ሲመጣ ; [1280, 1280]
ስታይ ; [1045, 1045, 1045]
አትደንግጥ ; [49]
እንደተለወጠ ; [84, 84]
ብታይ ; [1045, 1045, 1045]
